<?xml version="1.0"?>
<opencv_storage>
<images>
  cam1/14-08-39.531.jpg
  cam1/14-08-41.890.jpg
  cam1/14-08-44.890.jpg
  cam1/14-08-46.156.jpg
  cam1/14-08-47.437.jpg
  cam1/14-08-48.546.jpg
  cam1/14-08-49.656.jpg
  cam1/14-08-50.906.jpg
  cam1/14-08-52.015.jpg
  cam1/14-08-53.296.jpg
  cam1/14-08-54.546.jpg
  cam1/14-08-55.812.jpg
  cam1/14-08-57.250.jpg
  cam1/14-09-00.734.jpg
  cam1/14-09-01.828.jpg
  cam1/14-09-03.093.jpg
  cam1/14-09-04.078.jpg
  cam1/14-09-05.140.jpg
  cam1/14-09-06.375.jpg
  cam1/14-09-07.640.jpg
  cam1/14-09-08.937.jpg
  cam1/14-09-10.109.jpg
  cam1/14-09-11.515.jpg
  cam1/14-09-13.031.jpg
</images>
</opencv_storage>