<?xml version="1.0"?>
<opencv_storage>
<images>
  cam6/14-06-10.562.jpg
  cam6/14-06-12.250.jpg
  cam6/14-06-14.156.jpg
  cam6/14-06-16.421.jpg
  cam6/14-06-19.796.jpg
  cam6/14-06-29.687.jpg
  cam6/14-06-32.500.jpg
  cam6/14-06-38.343.jpg
  cam6/14-06-58.703.jpg
  cam6/14-07-00.500.jpg
  cam6/14-07-01.593.jpg
  cam6/14-07-03.421.jpg
  cam6/14-07-04.468.jpg
  cam6/14-07-06.000.jpg
  cam6/14-07-07.125.jpg
  cam6/14-07-08.718.jpg
  cam6/14-07-10.109.jpg
</images>
</opencv_storage>