<?xml version="1.0"?>
<opencv_storage>
<calibration_time>"Tue Jun 11 15:50:22 2019"</calibration_time>
<nr_of_frames>12</nr_of_frames>
<image_width>1600</image_width>
<image_height>1200</image_height>
<board_width>7</board_width>
<board_height>6</board_height>
<square_size>50.</square_size>
<fix_aspect_ratio>1.</fix_aspect_ratio>
<!-- flags: +fix_aspectRatio +fix_principal_point +zero_tangent_dist +fix_k4 +fix_k5 -->
<flags>6158</flags>
<fisheye_model>0</fisheye_model>
<camera_matrix type_id="opencv-matrix">
  <rows>3</rows>
  <cols>3</cols>
  <dt>d</dt>
  <data>
    1.5991917543112734e+03 0. 800. 0. 1.5991917543112734e+03 600. 0. 0.
    1.</data></camera_matrix>
<distortion_coefficients type_id="opencv-matrix">
  <rows>5</rows>
  <cols>1</cols>
  <dt>d</dt>
  <data>
    -2.6783742442793212e-01 -8.1044995436006281e-02 0. 0.
    5.0292554924370914e-01</data></distortion_coefficients>
<avg_reprojection_error>2.2613189618145917e+00</avg_reprojection_error>
<per_view_reprojection_errors type_id="opencv-matrix">
  <rows>12</rows>
  <cols>1</cols>
  <dt>f</dt>
  <data>
    3.09729838e+00 4.98850965e+00 2.90762091e+00 9.89370942e-01
    8.02859366e-01 8.91201854e-01 2.05938888e+00 1.18536997e+00
    1.29299080e+00 2.31986761e+00 1.34555554e+00 1.22557008e+00</data></per_view_reprojection_errors>
<!-- a set of 6-tuples (rotation vector + translation vector) for each view -->
<extrinsic_parameters type_id="opencv-matrix">
  <rows>12</rows>
  <cols>6</cols>
  <dt>d</dt>
  <data>
    -3.4340731573802513e-01 -2.9623105323887489e-01
    3.0964259172308832e+00 1.6308019023928304e+02 1.2175365310056310e+02
    6.0655316826366561e+02 -1.8606111817655513e-01
    -3.4431533099547185e-01 3.1080310616047551e+00
    1.2162649835873057e+02 1.1574100664487763e+02 4.5129648981343684e+02
    -1.9173829404669443e-01 -2.4523796691746610e-01
    3.0958592750137530e+00 1.6691884197970859e+02 1.7913236979527821e+02
    7.0877284890714850e+02 -2.6820890231498073e-01
    -2.5656139963916880e-01 3.0507801855148489e+00
    1.2883982139922324e+02 1.5354093954446600e+02 7.7111874919041236e+02
    -4.8572263276248495e-01 -2.8601190721512754e-01
    3.0693401600189478e+00 9.2535394333184470e+01 1.5486559174484773e+02
    8.2940235690341660e+02 -4.1682294680211052e-01
    -2.7390949102465539e-01 3.0776292054080683e+00
    1.0694918344931872e+02 1.5486178377716601e+02 8.1933261481722661e+02
    9.2177144675325895e-02 2.1375329662085069e-01
    -3.1138138017443557e+00 1.5566632626980569e+02
    1.8472864997273419e+02 7.7404169534818334e+02
    -1.0679498064182935e-01 -3.2026145075143542e-01
    3.1044791434213748e+00 1.9193087672907615e+02 1.3530094382296744e+02
    8.5038727550941576e+02 -1.0667987099719803e-01
    -2.7185601793881287e-01 3.1223640059170696e+00
    2.0290843364295284e+02 1.4513810216473092e+02 8.4990849388237257e+02
    -8.4551581903305487e-02 -2.3036020424304743e-01
    3.1285193120284411e+00 3.0663006203958219e+02 1.6249933970464789e+02
    8.4490933984490061e+02 4.3785302593252202e-02 2.8083924043350844e-01
    -3.1180387313432725e+00 3.8256940004155859e+02
    1.9249495217322399e+02 7.8601701566456143e+02 1.7693969028445583e-01
    3.6284265491284862e-01 -3.0792388306987108e+00
    2.8309388503149506e+02 2.4756456080555597e+02 8.4394937067806518e+02</data></extrinsic_parameters>
<image_points type_id="opencv-matrix">
  <rows>12</rows>
  <cols>42</cols>
  <dt>"2f"</dt>
  <data>
    1.21927698e+03 9.09184631e+02 1.09915833e+03 9.23777893e+02
    9.78438049e+02 9.34761292e+02 8.43946228e+02 9.50200928e+02
    7.13164612e+02 9.57078064e+02 5.68318665e+02 9.69530518e+02
    4.30442444e+02 9.74588745e+02 1.22678406e+03 7.89839539e+02
    1.11024158e+03 8.00120422e+02 9.80390503e+02 8.11138428e+02
    8.49622131e+02 8.16811218e+02 7.07113708e+02 8.29093323e+02
    5.67441223e+02 8.32997742e+02 4.17877686e+02 8.41719299e+02
    1.23850391e+03 6.62105774e+02 1.11469641e+03 6.70938721e+02
    9.87966003e+02 6.76724243e+02 8.48228333e+02 6.83953796e+02
    7.09536499e+02 6.87905457e+02 5.59292175e+02 6.96702698e+02
    4.13796112e+02 6.98483459e+02 1.24302991e+03 5.31538696e+02
    1.12389929e+03 5.33816162e+02 9.88766479e+02 5.37607910e+02
    8.54211182e+02 5.39178955e+02 7.05455750e+02 5.46612244e+02
    5.60592468e+02 5.45468689e+02 4.04923798e+02 5.52681702e+02 1246.
    384. 1.12584473e+03 3.95684174e+02 9.96594604e+02 3.95018768e+02
    8.52669006e+02 3.95189514e+02 7.10093994e+02 3.93958313e+02
    5.55185364e+02 3.97660339e+02 4.05237030e+02 3.97126373e+02
    1.25513306e+03 2.59896393e+02 1.13365149e+03 2.54260803e+02
    9.97461182e+02 2.49507935e+02 8.58623352e+02 2.44440521e+02
    7.08039307e+02 2.43415451e+02 5.59347534e+02 2.39961655e+02
    4.00878510e+02 2.42866150e+02 1218. 9.92500000e+02 1054.
    1.00750000e+03 8.84177673e+02 1.02425281e+03 7.12926208e+02
    1.02623364e+03 512. 1030. 3.46535980e+02 1.03469702e+03
    1.69271469e+02 1.03872253e+03 1.23624170e+03 8.36081848e+02
    1.06150000e+03 846. 882. 854. 7.03106567e+02 8.65056580e+02 508.
    8.68500000e+02 3.26070648e+02 8.73074585e+02 141. 8.70500000e+02
    1.24450000e+03 6.63500000e+02 1.07159070e+03 6.70621460e+02
    8.88566589e+02 6.84668457e+02 6.90500000e+02 6.81500000e+02
    5.04974670e+02 6.90117249e+02 305. 6.89500000e+02 1.24000496e+02
    6.96532959e+02 1255. 482. 1.07650000e+03 4.87500000e+02 889.
    4.88500000e+02 6.93806702e+02 4.99186066e+02 4.90500000e+02
    4.93500000e+02 2.99602264e+02 5.00898743e+02 103. 501.
    1.26344995e+03 2.99639587e+02 1084. 294. 8.90500000e+02 292. 689.
    291. 4.91100250e+02 3.00568054e+02 2.85500000e+02 2.97500000e+02
    9.82714386e+01 3.09074921e+02 1.26697095e+03 1.20869057e+02
    1.08845251e+03 9.49462433e+01 8.95432129e+02 9.40543671e+01
    6.95933105e+02 9.46556702e+01 486. 88. 2.88693909e+02 9.91226120e+01
    8.93241959e+01 1.02294090e+02 1.16731946e+03 9.88435608e+02
    1.06165942e+03 1.00316913e+03 9.55109985e+02 1.01053748e+03
    8.40512024e+02 1.02234656e+03 7.29005554e+02 1.02829663e+03
    6.17814941e+02 1.03131213e+03 4.99447571e+02 1.03988281e+03
    1.16956995e+03 8.88817871e+02 1.06474170e+03 8.96097229e+02
    9.53149902e+02 9.07346375e+02 8.40934692e+02 9.12655762e+02
    7.23353638e+02 9.24192810e+02 6.07714722e+02 9.26537292e+02
    4.88719482e+02 9.33815857e+02 1.17266199e+03 7.79105164e+02
    1.06450037e+03 7.90486633e+02 9.53166199e+02 7.95565063e+02
    8.35365112e+02 8.04719177e+02 7.20990845e+02 8.08722900e+02
    5.99662781e+02 8.17665100e+02 4.80657440e+02 8.19567627e+02
    1.17554089e+03 6.73078735e+02 1.06716711e+03 6.75807739e+02
    9.48919617e+02 6.82752197e+02 8.36894165e+02 6.88823059e+02
    7.15757568e+02 6.96930847e+02 5.95251770e+02 6.97746887e+02
    4.72380219e+02 7.05297974e+02 1.17540613e+03 5.55377991e+02
    1.06721143e+03 5.63996216e+02 9.50922180e+02 5.64332642e+02
    8.32384277e+02 5.71492981e+02 7.12190735e+02 5.73483398e+02
    5.89025330e+02 5.80408691e+02 4.69040039e+02 5.81549072e+02
    1.17719385e+03 4.43683624e+02 1078. 446. 9.53274353e+02
    4.49888763e+02 8.32733765e+02 4.48240234e+02 7.09169556e+02
    4.52670868e+02 5.86933411e+02 4.54552948e+02 4.62519684e+02
    4.60900757e+02 1.06355334e+03 9.10926453e+02 9.65272522e+02
    9.25833130e+02 8.65406921e+02 9.37803467e+02 7.60786133e+02
    9.51546570e+02 6.56669739e+02 9.62578430e+02 5.49690369e+02
    9.73644287e+02 4.43194611e+02 9.83770142e+02 1.06091699e+03
    8.16144043e+02 9.63206238e+02 8.26669312e+02 8.59233398e+02
    8.40008179e+02 7.54288513e+02 8.50533569e+02 6.47021667e+02
    8.61883057e+02 5.39343079e+02 8.72629578e+02 4.29694031e+02
    8.82219849e+02 1.06006372e+03 7.14860901e+02 9.58291565e+02
    7.27050476e+02 8.55205444e+02 7.37027100e+02 7.46733032e+02
    7.47798706e+02 6.39181335e+02 7.57913269e+02 5.27590088e+02
    7.68396545e+02 4.18354889e+02 7.77935242e+02 1.05685938e+03
    6.12441406e+02 9.56065430e+02 6.21776855e+02 8.48682007e+02
    6.31812866e+02 7.41198547e+02 6.41221741e+02 6.29386047e+02
